1544319511.91516 IMG_3193.JPG 1280 960 320 240
1544319653.78239 IMG_3197.JPG 1280 960 320 240
1557398742.89463 IMG_3303.JPG 1280 960 320 240
1557398754.06934 IMG_3304.JPG 1280 960 320 240
1564793703.07468 IMG_3657.JPG 1280 960 320 240
1564797293.7975 IMG_3661.JPG 1280 960 320 240
1578713513.84732 IMG_4133.JPG 1280 960 320 240
1578713515.81542 IMG_4134.JPG 1280 960 320 240
1578713518.1838 IMG_4135.JPG 1280 960 320 240
1578713518.9177 IMG_4136.JPG 1280 960 320 240
1578713573.92352 IMG_4137.JPG 1280 960 320 240
1581736306.15211 IMG_4197.JPG 1280 1280 320 320
1582080087.13833 IMG_4206.JPG 1280 960 320 240
1582775134.28903 IMG_4214.JPG 1280 1280 320 320
1582775155.05999 IMG_4215.JPG 1280 1280 320 320
1582775195.24512 IMG_4216.JPG 1280 1280 320 320
1583639953.98224 IMG_4224.JPG 1280 1280 320 320
1583639969.26024 IMG_4225.JPG 1280 1280 320 320
1590467153.76314 IMG_4406.JPG 1280 1280 320 320
1590487480.62835 IMG_4407.JPG 1280 1280 320 320
1590648164.16977 IMG_4409.JPG 1280 960 320 240
1590648252.34248 IMG_4410.JPG 1280 1280 320 320
1590648340.53718 IMG_4411.JPG 1280 960 320 240
1590648473.11857 IMG_4413.JPG 1280 960 320 240
1590648474.43831 IMG_4414.JPG 1280 960 320 240
1594578791.22365 IMG_4439.JPG 1280 960 320 240
1594578932.40782 IMG_4440.JPG 1280 960 320 240
1596553633.39879 IMG_4475.JPG 1280 960 320 240
1599411820.50396 IMG_4536.JPG 1280 1280 320 320
1599411849.46226 IMG_4537.JPG 1280 1280 320 320
